55628	4	1	2	4	11
55789	4	3	2	5	14
55805	2	2	2	1	7
55846	5	4	4	5	18
60811	4	3	2	1	10
66263	2	5	2	1	10
66268	4	4	2	1	11
66587	1	4	5	3	13
66911	4	5	2	5	16
67809	4	2	2	4	12
68390	3	4	4	3	14
68666	3	5	4	2	14
69904	3	4	4	4	15
70632	4	2	3	4	13
70634	5	5	5	4	19
73378	3	2	2	5	12
74246	2	1	2	1	6
74430	2	3	2	3	10
78890	4	4	3	2	13
78904	3	3	2	5	13
89411	3	5	5	5	18
99429	4	3	2	2	11
10014474	4	5	2	5	16
10017462	4	3	2	1	10
10018624	1	4	3	1	9
10018684	3	4	2	??	9
10018693	2	2	3	2	9
10022467	4	5	5	5	19
10022486	3	3	3	2	11
10022502	3	5	4	3	15
10022510	5	4	3	4	16
10022752	1	1	2	1	5
10022798	3	3	5	1	12
10022955	0	1	2	1	4
10023035	5	5	4	4	18
10023044	3	5	4	5	17
10023322	2	3	4	4	13
10023340	2	1	2	3	8
10023465	3	2	2	2	9
10023478	5	4	5	5	19
10023564	4	5	5	5	19
10023683	3	3	2	5	13
10023689	3	3	4	0	10
10023784	3	5	5	??	13
10023877	5	5	5	5	20
10023888	4	4	5	4	17
10023901	4	3	5	3	15
10023950	5	5	2	4	16
10023980	4	5	3	3	15
10024005	4	3	2	1	10
10024091	5	5	2	5	17
10024153	4	5	4	2	15
10024180	4	5	4	5	18
10024279	2	3	2	2	9
10024311	4	2	4	4	14
10024326	3	2	2	2	9
10024450	3	5	5	1	14
10024482	5	5	4	4	18
10024543	3	3	2	2	10
10024545	3	4	4	1	12
10024572	3	3	2	1	9
10024643	4	4	2	4	14
10024647	5	4	4	5	18
10024717	2	2	2	1	7
10024849	4	4	5	4	17
10024871	4	4	5	4	17
10024890	3	3	2	4	12
10024898	2	3	2	1	8
10024967	5	5	3	3	16
10024987	5	5	2	4	16
10025001	5	4	4	2	15
10025010	3	5	2	4	14
10025031	4	1	2	1	8
10025042	3	4	3	4	14
10025159	5	4	4	5	18
10025272	2	2	2	2	8
10025306	4	1	2	4	11
10025376	3	2	2	1	8
10025701	2	1	2	4	9
10026640	3	5	3	1	12
10026669	2	4	2	3	11
10027477	3	1	0	1	5
10027534	4	2	2	2	10
10027787	2	5	4	4	15
10028371	2	4	4	4	14
10029352	1	0	3	0	4
10032967	4	4	5	4	17
10034783	3	3	2	1	9
10036138	3	4	3	1	11
10036942	3	4	2	4	13
10037098	2	1	1	1	5
10037212	3	2	2	4	11
10038217	4	3	1	1	9
10039956	5	5	3	4	17
10041289	5	5	4	5	19
10043589	4	5	2	2	13
10043890	4	4	2	3	13
10043953	4	2	3	5	14
10045033	3	5	4	5	17
10046944	4	3	2	2	11
10047834	2	5	2	2	11
55628	5	1	3	1	3	13
55789	3	2	2	2	2	0
55805	5	1	3	0	4	13
55846	4	4	3	5	4	20
60811	1	1	4	2	1	9
66263	2	5	4	1	1	13
66268	5	1	2	2	3	13
66587	5	4	4	0	3	16
66911	5	5	4	4	3	21
67809	1	4	3	2	2	12
68390	5	5	3	1	2	16
68666	4	2	3	4	3	16
69904	5	5	4	5	4	23
70632	3	1	3	1	2	10
70634	5	5	3	5	3	21
73378	5	5	2	2	5	19
74246	1	1	2	1	4	9
74430	5	1	5	2	4	17
78890	5	5	5	4	6	25
78904	3	1	2	4	3	13
89411	5	5	2	1	6	19
99429	1	4	5	1	2	13
10014474	5	2	3	1	5	16
10017462	5	5	5	5	3	23
10018624	2	1	5	1	3	12
10018684	2	1	4	2	3	12
10018693	4	5	2	0	5	16
10022467	5	2	3	1	4	15
10022486	2	5	5	1	3	16
10022502	4	5	3	1	3	16
10022510	5	5	3	3	5	21
10022752	5	5	3	4**	4**	0
10022798	4	3	3	1	4	15
10022955	4	1	5	1	2	13
10023035	4	5	5	1	3	18
10023044	5	3	5	2	2	17
10023322	1	2	2	3	4	12
10023340	4	5	1	1	3	14
10023465	2	2	5	1	2	12
10023478	5	5	5	5	6	26
10023564	5	2	3	6	4	20
10023683	5	5	4	1	1	16
10023689	2	1	2	1	1	7
10023784	5	4	5	2	2	18
10023877	5	5	3	1	4	18
10023888	5	5	5	6	6	27
10023901	3	5	3	3	3	17
10023950	5	3	5	1	5	19
10023980	5	5	5	3	3	21
10024005	5	5	0	1	4	15
10024091	4	3	5	5	5	22
10024153	3	3	4	3	4	17
10024180	5	5	3	3	4	20
10024279	3	2	3	1	3	12
10024311	2	5	3	4	3	17
10024326	2	5	3	1	4	15
10024450	4	3	5	6	6	24
10024482	5	1	5	1	2	14
10024543	3	5	5	4	5	22
10024545	3	5	4	4	4	20
10024572	2	2	2	1	3	10
10024643	4	4	5	6	4	23
10024647	5	4	5	1	2	17
10024717	1	5	2	2	4	14
10024849	5	1	3	2	4	15
10024871	5	5	5	5	4	24
10024890	5	0*	3	1	2*	11
10024898	3	2	5	1	3	14
10024967	4	5	3	5	1	18
10024987	5	4	5	5	4	23
10025001	5	5	3	6	4	23
10025010	5	5	1	4	3	18
10025031	1	5	5	1	2	14
10025042	3	2	2	2	3	12
10025159	5	2	5	2	3	17
10025272	5	5	3	1	4	18
10025306	4	2	3	1	4	14
10025376	1	5	1	0	3	10
10025701	3	5	4	3	5	20
10026640	1	5	0	0	3	9
10026669	4	5	5	1	3	18
10027477	3	2	2	2	2	0
10027534	4	5	2	1	2	14
10027787	4	0	3	5	2	14
10028371	5	3	4	1	3	16
10029352	1	3	2	0	-	6
10032967	5	5	5	3	5	23
10034783	5	5	4	6	2	22
10036138	3	2	1	1	4	11
10036942	3	5	3	1	3	15
10037098	4	1	2	2	3	12
10037212	3	5	4	1	3	16
10038217	4	2	2	0	3	11
10039956	5	4	5	1	3	18
10041289	5	1	3	1	2	12
10043589	4	5	5	5	3	22
10043890	5	5	3	4**	4**	0
10043953	2	5	4	1	2	14
10045033	5	1	5	3	5	19
10046944	4	5	3	5	6	23
10047834	3   5	2	2	5	17
55628	4	5	3	4	3	4	23
55789	2	5	3	4	1	1	16
55805	3	2	4	4	3	4	20
55846	4	5	3	4	4	4	24
60811	1	3	1	4	1	2	12
66263	2	5	2	4	3	2	18
66268	2	5	4	3	4	4	22
66587	5	3	4	4	2	4	22
66911	4	5	4	4	3	3	23
67809	2	5	4	3	1	4	19
68390	4	5	3	4	4	3	23
68666	3	4	3	3	4	2	19
69904	4	5	2	4	2	2	19
70632	4	4	3	3	4	1	19
70634	4	5	4	4	4	2	23
73378	4	3	2	3	4	2	18
74246	1	2	2	1	1	1	8
74430	3	3	1	2	1	2	12
78890	5	5	3	4	4	3	24
78904	2	4	1	2	1	3	13
89411	4	5	1	4	4	2	20
99429	4	4	1	1	1	3	14
10014474	5	3	2	1	1	2	14
10017462	4	4	2	4	3	4	21
10018624	2	3	1	3	1	2	12
10018684	5	4	2	3	4	3	21
10018693	1	2	4	2	3	2	14
10022467	2	5	4	2	2	2	17
10022486	3	3	3	3	2	4	18
10022502	3	5	3	4	4	1	20
10022510	5	5	4	4	3	4	25
10022752	4	5	4	3	1	3	20
10022798	3	4	2	3	4	3	19
10022955	3	2	4	2	4	2	17
10023035	5	5	1	3	4	3	21
10023044	3	4	3	2	1	1	14
10023322	4	4	1	1	1	1	12
10023340	4	4	3	2	2	2	17
10023465	4	3	2	2	0	1	12
10023478	5	4	4	3	4	4	24
10023564	5	5	3	3	4	4	24
10023683	3	3	2	2	2	2	14
10023689	4	3	1	1	4	1	14
10023784	5	5	3	2	4	4	23
10023877	4	5	4	1	3	3	20
10023888	5	5	4	3	4	2	23
10023901	4	4	2	1	1	3	15
10023950	5	5	4	1	2	4	21
10023980	5	5	2	3	3	2	20
10024005	4	5	0	3	0	2	14
10024091	5	4	4	4	3	4	24
10024153	4	5	4	3	4	3	23
10024180	4	5	4	2	2	3	20
10024279	5	2	1	1	2	4	15
10024311	2	5	3	3	1	2	16
10024326	4	4	1	1	0	2	12
10024450	4	4	2	4	4	3	21
10024482	2	4	1	4	2	3	16
10024543	4	4	1	4	3	1	17
10024545	4	3	3	2	4	3	19
10024572	5	4	1	3	1	2	16
10024643	4	4	4	2	2	2	18
10024647	5	5	4	1	3	4	22
10024717	3	4	1	2	1	2	13
10024849	5	5	4	3	4	3	24
10024871	4	3	3	3	3	3	19
10024890	5	5	4	4	2	4	24
10024898	3	4	3	4	1	3	18
10024967	4	5	3	3	4	3	22
10024987	3	4	4	4	4	4	23
10025001	4	5	4	3	4	4	24
10025010	5	3	3	3	1	3	18
10025031	4	5	4	1	4	2	20
10025042	4	5	3	3	3	4	22
10025159	3	5	2	4	3	1	18
10025272	3	2	1	1	3	3	13
10025306	3	4	2	4	2	1	16
10025376	5	5	1	3	2	2	18
10025701	2	3	1	1	1	1	9
10026640	4	4	4	2	3	1	18
10026669	3	4	4	2	0	2	15
10027477	2	5	3	4	1	1	16
10027534	5	3	0	2	3	1	14
10027787	3	4	4	4	1	1	17
10028371	4	2	4	2	3	4	19
10029352	4	0	0	3	0	2	9
10032967	4	5	4	4	3	2	22
10034783	4	4	1	2	1	1	13
10036138	3	5	4	3	3	2	20
10036942	3	2	3	2	1	2	13
10037098	3	3	3	4	3	3	19
10037212	4	4	2	2	3	1	16
10038217	2	1	1	2	4	1	11
10039956	4	2	3	3	1	1	14
10041289	4	5	2	3	4	1	19
10043589	5	2	4	4	3	4	22
10043890	4	5	4	3	4	4	24
10043953	4	5	2	2	2	3	18
10045033	5	5	2	1	4	2	19
10046944	5	4	4	3	3	4	23
10047834	4	5	3	2	3	2	19
55628	2	2	5	3	2	2	16	21
55789	4	2	4	1	4	1	16	21
55805	2	2	4	3	1	1	13	18
55846	3	2	4	4	4	2	19	24
60811	3	2	3	1	1	1	11	16
66263	4	2	2	4	4	1	17	22
66268	3	2	4	4	3	2	18	23
66587	2	2	3	2	1	1	11	16
66911	3	3	5	4	3	3	21	26
67809	3	2	5	4	2	2	18	23
68390	2	2	3	1	3	1	12	17
68666	4	2	3	4	3	3	19	24
69904	2	2	5	4	4	3	20	25
70632	4	2	4	??	1	3	14	19
70634	3	2	4	4	2	4	19	24
73378	3	2	4	4	0	1	14	19
74246	3	2	4	4	2	3	18	23
74430	2	2	3	4	3	2	16	21
78890	4	1	5	4	4	3	21	26
78904	2	2	4	1	3	2	14	19
89411	2	2	3	1	1	1	10	15
99429	2	2	2	1	2	1	10	15
1027534	3	2	4	4	1	1	15	20
10014474	4	3	4	1	4	1	17	22
10017462	3	2	2	4	3	2	16	21
10018624	2	2	2	0	2	1	9	14
10018684	4	2	2	1	3	1	13	18
10018693	3	1	5	1	4	2	16	21
10022467	3	2	6	1	0	1	13	18
10022486	3	1	2	1	4	2	13	18
10022502	3	2	4	1	2	1	13	18
10022510	3	3	3	4	3	4	20	25
10022752	2	1	2	1	1	0	7	12
10022798	4	2	2	4	3	4	19	24
10022955	3	2	4	4	3	2	18	23
10023035	1	2	3	4	1	2	13	18
10023044	3	2	5	1	1	4	16	21
10023322	3	1	4	2	2	1	13	18
10023340	1	2	3	1	1	1	9	14
10023465	1	2	2	1	1	2	9	14
10023478	3	4	6	4	4	4	25	30
10023683	3	2	5	1	4	2	17	22
10023689	3	2	1	4	4	1	15	20
10023784	4	2	3	4	2	2	17	22
10023877	4	4	4	1	1	1	15	20
10023888	4	4	4	4	4	2	22	27
10023901	3	2	2	1	2	1	11	16
10023950	3	2	5	1	4	1	16	21
10023980	2	2	2	1	2	3	12	17
10024005	4	2	0	0	1	2	9	14
10024091	4	4	2	4	3	3	20	25
10024153	3	2	2	1	3	0	11	16
10024180	4	3	4	4	3	4	22	27
10024279	3	2	2	4	1	1	13	18
10024311	4*	2	4	4*	1	1	16	21
10024326	3	2	0	1	2	0	8	13
10024450	4	2	4	2	4	2	18	23
10024482	2	2	4	2	2	1	13	18
10024543	4	2	4	0	2	4	16	21
10024545	2	2	4	1	4	1	14	19
10024572	3	2	4	1	4	1	15	20
10024643	3	0	4	4	4	2	17	22
10024647	2	2	2	3	1	2	12	17
10024717	3	2	1	1	2	1	10	15
10024849	4	4	2	1	4	3	18	23
10024871	4	3	5	1	3	4	20	25
10024890	4	2	3	4	3	4	20	25
10024898	3	1	3	1	2	0	10	15
10024964	1	0	3	1	1	3	9	14
10024967	4	2	4	1	1	2	14	19
10024987	3	2	6	4	4	3	22	27
10025001	4	4	4	4	2	3	21	26
10025010	2	2	5	4	3	1	17	22
10025031	2	2	4	1	1	2	12	17
10025042	4	2	4	4	4	4	22	27
10025159	3	2	5	1	4	3	18	23
10025272	1	2	4	4	1	1	13	18
10025306	2	1	5	0	2	3	13	18
10025376	1	2	2	1	1	0	7	12
10025701	3	2	2	1	1	0	9	14
10026640	4	2	1	1	0	1	9	14
10026669	3	2	4	1	2	0	12	17
10027477	3	1	2	1	3	1	11	16
10027787	3	2	5	1	1	2	14	19
10028371	2	3	4	4	3	1	17	22
10029352	3	1	3	1	0	0	8	13
10032967	4	2	6	4	3	2	21	26
10034783	4	2	4	1	2	1	14	19
10036138	4	2	4	4	4	3	21	26
10036942	4	2	3	3	2	3	17	22
10037098	3	2	4	1	2	2	14	19
10037212	3	2	4	3	4	1	17	22
10038217	3	2	2	1	1	0	9	14
10039956	4	2	4	3	3	1	17	22
10041289	4	2	6	1	1	3	17	22
10043589	4	3	4	4	4	1	20	25
10043890	3	2	4	2	3	1	15	20
10043953	2	2	4	1	1	3	13	18
10045033	4	2	2	4	2	1	15	20
10046944	4	2	3	4*	1	2	16	21
10047834	2	2	1	1	1	2	9	14
10023564	4	4	6	4	3	2	13	23
55628	2	1	3	4	3	13
55789	3	2	4	3	4	16
55805	1	1	4	6	4	16
55846	4	1	4	4	3	16
60811	1	0	1	3	3	8
66263	4	1	2	5	4	16
66268	4	0	3	4	4	15
66587	3	1	1	4	4	13
66911	4	2	4	6	4	20
67809	3	1	1	4	4	13
68390	2	0	1	3	2	8
68666	2	1	4	3	4	14
69904	3	2	4	5	3	17
70632	5	2	4	4	4	19
70634	2	1	3	5	2	13
73378	4	2	4	5	3	18
74246	2	1	how?	4	4	11
74430	5	1	4	3	3	16
78890	4	1	4	5	4	18
78904	4	1	4	3	4	16
89411	2	0	4	3	4	13
99429	4	2	3	4	3	16
10014474	2	2	4	4	2	14
10017462	3	1	1	3	3	11
10018624	4	1	3	3	4	15
10018684	3	1	1	4	4	13
10018693	2	1	4	4	4	15
10022467	4	2	4	4	3	17
10022486	3	2	4	3	4	16
10022502	2	1	4	5	4	16
10022510	4	1	4	3	4	16
10022752	2	1	0	2	3	8
10022798	2	0	4	4	4	14
10022955	2	0	3	3	3	11
10023035	4	2	4	3	4	17
10023044	3	1	4	3	3	14
10023322	3	1	2	3	2	11
10023340	3	1	1	3	4	12
10023465	2	0	2	2	3	9
10023478	4	3	4	6	4	21
10023564	2	1	4	4	4	15
10023683	4	2	4	5	4	19
10023689	4	1	4	3	3	15
10023784	5	2	4	6	3	20
10023877	4	2	0	5	4	15
10023888	5	2	4	5	3	19
10023901	2	1	4	2	3	12
10023950	4	1	4	5	3	17
10023980	1	0	1	5	3	10
10024005	5	1	1	4	3	14
10024091	3	2	4	4	3	16
10024153	5	2	4	3	2	16
10024180	5	3	4	5	4	21
10024279	3	2	4	5	3	17
10024311	3	1	0	5	4	13
10024326	2	1	1	4	4	12
10024450	5	2	4	4	3	18
10024482	2	3	4	4	4	17
10024543	1	0	4	2	3	10
10024545	4	1	4	3	4	16
10024572	4	1	4	5	3	17
10024643	4	2	3	6	3	18
10024647	5	1	4	4	4	18
10024717	2	0	1	3	2	8
10024849	4	2	4	6	4	20
10024871	4	1	4	3	3	15
10024890	2	2	4	4	4	16
10024898	1	2	3	3	2	11
10024964	2	1	1	3	2	9
10024967	5	2	4	6	4	21
10024987	3	1	4	5	4	17
10025001	2	2	4	5	2	15
10025010	1	0	1	2	3	7
10025031	3	1	3	5	3	15
10025042	2	2	4	4	3	15
10025159	5	2	4	6	3	20
10025272	2	2	4	6	3	17
10025306	3	3	4	4	4	18
10025376	1	1	1	0	2	5
10025701	1	0	2	5	4	12
10026640	2	0	1	5	3	11
10026669	3	2	1	2	4	12
10027477	3	2	4	5	3	17
10027534	3	0	2	3	4	12
10027787	5	1	4	4	4	18
10028371	3	1	4	4	4	16
10029352	1	0	1	3	3	8
10032967	3	2	4	5	4	18
10034783	3	2	4	4	4	17
10036138	4	3	4	5	4	20
10036942	4	2	4	3	4	17
10037098	3	2	2	3	3	13
10037212	2	1	4	3	4	14
10038217	2	1	4	5	3	15
10039956	5	2	4	4	3	18
10041289	4	1	4	3	4	16
10043589	4	2	4	6	3	19
10043890	2	2	how?	3	3	10
10043953	4	2	4	6	4	20
10045033	4	2	3	4	4	17
10046944	3	2	4	5	3	17
10047834	2	0	3	4	3	12
55628	3	1	1	6	2	23
55789	3	1	2	5	5	26
55805	1	2	2	4	1	20
55846	3	1	2	6	5	27
60811	1	1	2	1	4	19
66263	2	2	1	5	2	22
66268	1	2	2	4	2	21
66587	1	1	2	4	2	20
66911	3	3	2	2	6	26
67809	1	1	3	6	5	26
68390	1	2	3	6	4	26
68666	1	1	1	5	3	21
69904	1	1	2	1	3	18
70632	1	1	2	5	5	24
70634	1	1	1	2	4	19
73378	1	3	2	4	2	22
74246	1	2	1	3	3	20
74430	1	2	1	5	4	23
78890	1	3	2	5	5	26
78904	3	2	2	5	1	23
89411	1	1	1	4	2	19
95882	2	1	1	1	2	17
99429	1	2	0	2	1	16
10014474	1	1	3	5	5	25
10017462	2	2	1	5	6	26
10018624	1	1	2	2	0	16
10018684	1	2	1	4	5	23
10018693	1	2	2	5	6	26
10022467	1	1	1	2	6	21
10022486	1	2	1	6	5	25
10022502	2	2	2	4	5	25
10022510	1	1	1	5	4	22
10022752	1	1	1	1	2	16
10022798	1	1	2	5	4	23
10022955	3	1	2	4	1	21
10023035	1	3	2	6	5	27
10023044	3	1	1	5	5	25
10023322	1	1	2	4	3	21
10023340	1	2	2	3	4	22
10023465	1	1	2	4	2	20
10023478	3	3	3	6	4	29
10023683	1	1	1	5	5	23
10023689	1	1	2	5	3	22
10023784	1	1	2	5	4	23
10023877	1	2	3	6	6	28
10023888	1	2	2	6	6	27
10023901	3	1	3	4	2	23
10023950	1	3	2	6	5	27
10023980	3	3	1	3	2	22
10024005	3	1	1	3	3	21
10024091	3	3	2	6	3	27
10024153	2	2	2	5	2	23
10024180	3	3	3	6	6	29
10024279	1	1	2	5	4	23
10024311	2	1	2	3	6	24
10024326	1	1	1	1	2	16
10024450	1	2	2	6	6	27
10024482	2	1	2	6	5	26
10024543	1	2	3	5	4	25
10024545	2	2	2	6	0	22
10024572	1	2	2	2	2	19
10024643	3	2	2	4	3	24
10024647	1	3	2	4	5	25
10024717	1	1	1	1	3	17
10024849	1	3	3	6	6	29
10024871	1	2	2	3	3	21
10024890	1	2	2	4	2	21
10024898	1	1	1	5	1	19
10024964	1	1	2	3	2	19
10024967	1	2	1	6	5	25
10024987	1	2	3	6	6	28
10025001	1	3	2	4	3	23
10025010	1	3	2	3	3	22
10025031	1	1	1	3	3	19
10025042	2	1	2	3	2	20
10025159	1	3	3	6	5	28
10025272	3	1	2	4	3	23
10025306	1	1	1	4	2	19
10025376	1	0	2	3	1	17
10025701	1	1	1	4	2	19
10026640	1	1	2	2	2	18
10026669	3	0	1	4	5	23
10027477	1	1	1	4	4	21
10027534	1	1	2	6	6	26
10027787	1	2	1	4	6	24
10028371	1	2	1	2	2	18
10029352	1	2	1	2	0	16
10032967	3	3	2	6	6	29
10034783	1	1	2	4	2	20
10036138	3	1	2	6	4	26
10036942	1	1	2	4	3	21
10037098	1	1	1	4	6	23
10037212	1	1	1	2	2	17
10038217	1	1	1	4	0	17
10039956	1	2	2	6	5	26
10041289	3	1	2	5	3	24
10043589	1	1	2	0	0	14
10043890	2	1	1	4	4	22
10043953	1	1	2	5	5	24
10045033	1	1	1	5	3	21
10046944	1	1	1	6	4	23
10047834	1	0	2	5	2	20